0.015 0.152
0.027 0.270
0.031 0.308
0.044 0.436
0.054 0.537
0.066 0.663
0.072 0.715
0.083 0.832
0.093 0.933
0.101 1.013
0.118 1.178
0.124 1.244
0.138 1.377
0.145 1.453
0.159 1.590
0.165 1.652
0.179 1.790
0.188 1.883
0.197 1.972
0.207 2.066
0.215 2.148
0.220 2.203
0.234 2.339
0.247 2.468
0.253 2.530
0.264 2.635
0.279 2.794
0.285 2.846
0.299 2.993
0.304 3.038
0.310 3.103
0.327 3.273
0.330 3.302
0.342 3.417
0.351 3.511
0.367 3.674
0.373 3.728
0.387 3.868
0.398 3.985
0.407 4.070
0.416 4.163
0.422 4.219
0.437 4.373
0.450 4.495
0.451 4.513
0.467 4.665
0.471 4.711
0.487 4.873
0.496 4.960
0.504 5.042
